120.9065214351928
236.48513813216186
203.6747852359415
71.54542558960291
41.25982353867544
129.77766424815724
144.5717109598269
129.268161084417
110.3205721923271
117.30059596737364
136.6277702205873
16.527632845265543
322.84657643794907
20.152630206518815
59.36818033492998
74.33467809971278
23.490318856995152
76.5680197977992
363.15159129702954
11.562772836717714
64.72517756039673
24.362114702629768
77.44706657544535
93.85423384844741
135.14621142433523
62.75631069904844
4.527604755491747
82.55933088592036
87.8248413802424
299.7430514804539
78.52965975396636
142.51262997881219
41.51936884639515
142.05913185700717
84.35045553407879
174.5220380863586
174.25296853436288
72.95630456349932
87.27746918507114
48.30394218622574
7.308631568219524
48.51026973316948
38.21226408105856
48.59257295902177
274.2432561429256
136.6277702205873
102.56045691635492
225.6058089318855
149.87116161744115
225.6058089318855
29.917954524341848
59.44000548033259
128.16992895601976
123.1066075086706
271.1282891039593
6.67863888068914
68.98289532025446
12.288538028719156
77.36539865498813
72.44924736152244
47.23770129216281
22.91701096883013
129.99584050961508
94.00851776959729
124.53100747667857
57.93469582181385
249.051451060005
26.02982419767302
149.49650664666655
157.51801744130623
347.4979206693548
272.35494730444424
113.46296898379062
124.53100747667857
244.20329372984102
260.1166861446329
40.539177728947344
95.76501189180017
25.17716526315751
121.82600012178794
24.18516904386992
307.51019955803116
139.97711795918923
90.04882508571181
130.96097247561653
192.65497107332155
38.40503147743891
196.21149733224462
188.4560414073206
123.3323726049624
63.18627748887097
44.37979818594729
92.84749435831816
6.765381231451125
97.10088498921219
136.01649465225518
95.78648261600506
6.897971722898289
1000.0
83.32246621165247
16.153593981246715
29.395441434661258
64.46939250115241
19.593325273400072
26.161231347160587
72.06468055510041
68.04352386054346
160.2497242187403
12.476768657244778
12.816457487477448
158.4772985724248
63.84576299342509
80.53538153910924
87.44212221322222
346.44172699244535
3.4599600726360524
88.32353975562889
90.63166368652459
225.6058089318855
215.21861326018157
42.101834481980056
225.6058089318855
77.39600062578408
45.90614918825046
140.88210446349808
34.20349937493423
218.33537368742145
51.49887419923592
129.77766424815724
321.54100187896057
29.131066445858146
72.51094409683593
135.4605748885673
32.686095813533726
519.4926581282683
145.76076941932914
201.4729090656562
299.06112144302824
60.60621978456428
139.0048494907221
77.39600062578408
77.9859729917368
315.8550765204966
14.972576922921743
38.61466446110148
70.78382492236047
47.826628886568216
14.008701012262451
31.51244281501838
96.86487902228926
10.828691769940052
134.75520177593904
114.47631953351019
174.2810251763059
361.76435037950307
117.48901537103842
108.12604256639919
157.2160318094745
37.17164418634514
48.451572760517244
138.79928037357973
325.80945411596423
276.80100997345033
49.946896929988
325.04226529263735
74.45866818821219
29.174406662035626
212.5882164668473
129.77766424815724
23.426041459909136
47.20866835087659
145.76076941932914
134.75520177593904
15.838895186117027
199.6924058685258
49.724459467478205
14.355900933308535
137.155489304071
64.89682130175814
52.80033781296693
95.3694898942415
2.250675684000294
32.27674235820971
324.0977960261391
302.563977645651
182.3340488637495
213.6045174035806
56.50256066635505
46.84699423361742
246.0137306915293
357.15412886081003
18.326690496511713
258.52986740092115
145.03080552950283
129.77766424815724
9.313380091255949
10.553279886778277
46.84699423361742
212.5882164668473
237.53761100698344
211.40401286637794
2.5162248022083054
311.18670300770526
28.15600467788012
80.39927358682593
107.36634244327061
127.40117820890082
347.4979206693548
43.48100150644357
41.04038703091002
298.4682241380607
93.85423384844741
100.38858960792092
71.32765822775718
44.91511104415206
72.01923640996718
61.37313776664973
105.08962217009869
83.35444892836195
77.90649737300441
180.86718431717097
150.8333234830524
123.23478068291897
86.06319160007095
10.810260928736188
216.1451098425267
259.36865295275925
126.41414864763264
23.589742728726986
126.7100594260857
16.625855504619274
190.6384862696558
28.898029045043153
213.94435893546063
1000.0
232.71799479144775
134.75520177593904
79.6734348717923
87.28984110131638
145.22816940458563
68.06032648569524
33.88937946752237
226.96436807393684
22.21929170732209
131.20162880849645
138.0585677059808
24.331723918517035
37.95018001364803
56.31828193360463
73.56511717794582
76.43865623948122
0.42965735956128637
262.1659239901764
84.53280940937621
86.57572491190092
83.52451543934357
2.583418404274536
357.00539736051337
74.19363724138177
58.540243136321514
206.1258390751313
90.54397977629439
12.884223421244403
140.49520048518735
142.875729532964
1000.0
46.26932259612727
59.35466336328856
35.381848646597426
117.2562796757267
11.695233693193645
111.88159863624716
124.73150898662314
117.74441235055998
181.1740292269453
334.8110881990868
72.22422397912132
23.441740138744517
148.22692748427028
32.022516737613884
7.7795975840586555
12.399382806874486
9.05597794849169
6.422306681842874
200.00242482907686
82.78685090270876
210.58534513872442
16.423962952251408
46.637013733081275
117.01555348621986
30.49375639618886
160.88995517262398
61.01142169150882
133.4059110013701
152.5420899689872
127.07890171388281
19.364682916355957
137.84501376602216
235.3416934053019
112.85393309190206
12.323048776586282
83.38165864061624
14.902412252110725
229.75877583492954
80.9845048711564
361.7118327361025
129.77766424815724
103.67053233058067
7.390969641223687
31.17270333007956
118.11825315954273
263.9706032547664
237.84785595967017
311.1351863599477
33.81049436200572
146.50136034692994
198.2589804245885
171.3218095818971
162.7320114298635
252.09469748517543
49.27850338901463
46.84699423361742
102.44743705600699
130.98415998274757
129.8811800530433
92.84749556935559
186.59155779088678
57.80310706735403
57.430615057731465
244.73732641800694
145.35980200660916
92.63079172384512
58.64356395892843
64.57559236279884
84.16440749026775
82.45269533974445
43.12087766675884
179.43919379288332
368.0404433969479
19.581675215996484
92.77645103297753
15.852651696110875
65.69996643908382
187.40752524137318
34.00906641341747
113.63547716486153
31.370867392567405
123.74330788483326
51.02782839894634
129.65779269944338
179.46743229206785
373.5725037454678
2.9852442909454715
128.53280667292526
30.89019624972724
50.24539005207998
10.206585200535498
177.19717863796546
23.071002461025458
14.538213565244428
59.02589772215494
37.504031967031736
444.90298197778543
6.950487427891409
99.90850474622142
211.804136282257
112.23361376943087
1.1945951396096555
246.0181919226026
129.17159315529074
129.77766424815724
78.39301598473617
108.90443165039447
123.63473089979318
93.70919761494547
109.89930555063063
232.01348444876288
124.53100747667857
150.62332922991487
153.04751385253377
116.11704944946273
41.585489069933416
39.803024278725154
109.86217219009184
212.5882164668473
150.56566878396777
163.67220292102573
207.72969063781923
80.30704639938332
131.78302818620108
81.29618769194545
189.2750474191908
100.19202624944403
51.44400978781015
116.45137721874269
154.0132611496716
110.3205721923271
52.384116343740565
130.79199729253273
52.3001825985741
142.25670147408792
57.1691118419202
72.3828157335018
142.38701109342287
27.78131390786502
26.53316983222264
186.63239775913166
129.00177488952096
61.782226790248146
134.92790213287793
230.07512040878558
124.3565376255113
37.80835160933905
154.8856823941999
141.8344062592833
17.473536135203133
146.18249191393147
136.30428453525226
210.31273301330583
26.534329396801407
510.0490452078008
46.84699423361742
119.96119014789221
97.61048810274286
109.40114939620496
51.15063745453594
70.53129485814812
159.14078242064232
134.75520177593904
214.73768654642083
31.17270333007956
162.31980849619688
129.77766424815724
131.60849750317658
20.29800373072421
60.968803759328516
163.45571380271755
205.8698030665842
1000.0
288.1339679784016
21.899084390651595
248.02362722546513
165.32059304443575
787.6715796362427
34.36133292787233
76.59807920826306
149.6543580268379
43.23354820146427
35.395281078821576
59.42301471744151
351.51749307777726
99.83492508843804
57.183984032912534
5.277375276787289
54.32551209485918
229.21343964243152
26.388191091671786
11.562772836717714
246.94238431461062
158.32727248786614
203.57405227522548
58.32925773180301
54.32551209485918
31.17270333007956
230.70607896894427
52.83752548840925
214.8866612501094
151.03800225829528
139.99515413093536
155.4098029795691
70.41118339513204
138.22475544471658
55.91280491875377
224.72105788500454
190.47700338849177
146.67621303537436
101.50259732527712
121.85537613188214
110.3205721923271
324.1263159429875
11.496116293846436
163.54961058839157
76.21782501617263
117.43709337779576
10.754429385743148
106.4352601721353
137.38040511051278
225.99032815445474
235.3416934053019
149.73064988614072
229.69287375102795
129.77766424815724
58.733126110313
43.29942426003504
8.718264324481929
162.7837054181249
45.511282379517674
113.39917618719885
109.19741570445682
368.57311556490754
54.72897745104053
56.709169268124924
155.98603575650654
64.27281530076888
119.96119014789221
86.41009017294792
162.27306147510453
371.32538763646306
137.81400657912997
290.72851399615206
200.1115280957232
145.76076941932914
143.23790777028682
284.07411389522787
119.96119014789221
79.70377017864944
270.87667666337467
172.40206140923866
129.249807111374
100.2620809596388
289.9943827721984
234.4403984228007
180.14239854142315
75.47340252397427
72.2070761690537
25.012891567253266
192.68167674427514
25.721576351095475
87.28984110131638
92.53172017985703
110.01151763374733
163.73392804032562
90.08313626168211
55.726223707150375
28.76432080802779
54.51135410108202
212.5882164668473
126.57062663062705
50.45130496315498
100.6377540380389
364.9499672479472
138.84464787407939
107.12133086450545
275.21434368305484
318.12449605262685
282.9432396537636
36.77502088884655
103.1966439809941
66.54481798038634
196.21149733224462
217.5482325645928
287.03102527003756
29.91104235776175
129.77766424815724
74.95392369256376
110.93830625078384
589.5713691831854
325.4547434245658
233.0828697133291
78.46310231155081
30.441147033817842
1.061702434273772
31.17270333007956
661.9550739208256
33.26454870146968
101.92271859899023
85.25274891978677
146.0500749251431
133.94791435430466
41.51936884639515
245.18297364773156
83.47365090575818
92.80453179195663
251.58992605630365
47.23770129216281
23.739986723712356
118.87343216760523
67.9613522971094
156.2144248700982
80.50454749604435
232.48951689925784
102.09406516708354
124.62105574793206
75.22122178177146
62.33660774812807
124.53100747667857
1000.0
57.906860099635324
151.19908685670532
129.25485806358938
67.05324034976243
2.326651741406548
11.962993523326903
11.832065109548951
62.270924632288185
2.2882402770942414
24.714420836589643
99.80714919055643
26.15057124971553
76.29620828147843
145.04458763614286
25.2855414102029
137.40518428881535
102.84846569346257
278.76443868893665
340.70797870816193
145.97910335541485
196.21149733224462
164.77925132533667
145.76076941932914
84.19551867723322
180.51056686728472
118.58835555568116
272.7107889829312
7.946058002019913
87.22740452988157
171.18281087492375
351.8037300317613
87.28984110131638
176.30240136376182
174.38567732636355
217.0027193477626
337.01075496255777
178.4645111090383
351.5147746369785
465.66536552825187
76.74755353788814
214.40868965212587
32.89752589649633
134.75520177593904
95.76831469764937
397.15532690699735
82.93246064066435
109.74522779663157
156.3513756837559
148.74599143206726
235.1761288112303
216.30163287741274
147.48568287953748
256.08027236635974
147.6008056483908
172.09751114986275
11.695319426593167
84.65372621248858
45.54349201168462
89.84602265906449
65.33017612748071
142.52129738257256
140.94151060136082
72.63095568617965
144.18755572500442
42.825521136134604
347.34965257212906
35.821910350138246
737.4591396614682
62.94154497717505
24.760923559486613
31.51854884035047
129.37075831138054
212.7975111248478
25.546042859981597
14.260325507056425
82.52395857761843
92.53640978475516
211.4678389623273
38.13221362098113
17.98398795420723
82.96650639791275
66.72804763173065
91.41095222032074
195.84530833635256
94.73798991233588
11.847043005967723
5.629790589014947
4.285214916783088
31.570783567488853
76.52730231995623
54.14229007428894
246.34313650736314
57.53300877569214
89.1179935246684
54.5770160028958
86.1168562660249
214.51078223169606
76.64003929293233
69.77011240882213
202.2820694550703
37.755835378643894
21.899084390651595
188.09530851689624
306.8004464936603
137.6566286037869
154.0052353760951
64.80128739637533
235.3416934053019
153.93778770499085
83.23311302128249
326.28510015675033
315.97884226129605
2.391388904673111
7.944041073392836
65.79636236316098
120.05278538155339
120.05278538155339
106.13869506322932
41.04038703091002
65.66266631675053
140.20464021070805
168.33040738050366
9.708745850342156
1.1980373396747306
110.41571343289128
46.71681864537595
59.82516788034528
56.50839192542124
27.849550275589664
844.1577065940464
181.1621534938966
41.51936884639515
240.63727267343498
221.43808819430444
228.42758067795057
350.6649580192835
110.3205721923271
115.43100039365275
204.15030886559768
56.87308089996728
121.89839075823748
44.52592413207212
17.613229867648318
424.1225069844993
49.818950079904376
154.14219741655234
132.92485591300624
119.46313344023748
27.78913860974174
107.87752677771559
40.56002160487904
120.52998871295233
101.37205558879741
3.401230199632924
235.3416934053019
53.422794547924916
21.4462390580261
50.47722657271956
137.3542801047222
139.7612343877042
62.427457914346306
91.0561992621289
328.124307583402
33.127242542003984
127.02441481443852
242.25359736025726
93.8542340627759
247.2790001801457
102.5995253808065
14.915289387284247
121.9265066100206
43.67286073449706
166.1918093908721
82.52395857761843
85.75411652943728
104.47137940792877
130.97827780682317
225.6058089318855
185.67869282923812
151.1119300423714
242.19093853743965
89.49723795274006
57.75553752988437
42.485490338331644
26.773097438877677
110.3205721923271
1.1945951396096555
181.60624956107335
24.913224567093177
72.18226668418635
124.53100747667857
150.6589240513424
254.8439477087099
39.672569805169324
129.77766424815724
16.62859392596288
140.7167527519519
84.43224370861353
107.6083969128017
145.03080552950283
54.32551209485918
36.95608890221913
54.405535423564714
154.17190707606028
331.19462315296937
75.00337809406196
226.3219487493515
180.6678535454918
30.378802444882705
31.308842085308882
145.76076941932914
30.077469438605164
369.1021266015788
215.29707824224315
131.80917385924823
65.16713302697781
59.67837823784188
178.34181752924076
37.303626182184715
79.76241379475587
44.10314703782615
59.2304103863055
88.66564067330937
215.86647012716716
371.4201892902626
16.245056367443144
130.3670513689353
52.10593045267365
44.682758359804275
163.328304894711
91.88308923340755
194.44689432998703
42.85737340700919
37.17428318235438
68.98611511468361
31.17270333007956
43.02990634682961
40.56002160487904
64.08890719655889
250.43954827227165
15.60346954935359
85.09695390055546
21.411956151078833
280.8090602845078
212.5882164668473
131.07388066092355
71.74460101257708
180.88083607449573
2.7200033880049546
160.88995517262398
102.15938704007205
124.75983437382902
106.1402786921156
69.14594206852945
22.828031005248164
118.10410202122752
478.6962709023394
478.72651605190293
206.1873176004477
203.62668564174447
189.49760768076078
186.63006309107604
55.512840916367786
187.64310259732966
42.96360926575196
161.0544615354665
160.25655443661515
174.3147084648525
137.85721150831125
147.01932996107658
15.266640817297613
59.2304103863055
148.93623723565395
225.6058089318855
113.67518274665927
227.93787342190427
232.23921899186212
51.23659527827435
12.688133535388257
87.54453316405323
196.21149733224462
37.56113496815729
19.86450635667923
149.02601450241318
93.04221433527951
52.44718046176917
13.887243555369329
64.74475386561204
330.39212649706644
46.84699423361742
367.27302222449885
169.3076453501931
32.01098486256309
212.4327182395494
53.5982263643573
72.77214064261698
51.779322142931875
50.23019243403918
222.04208099932782
212.5882164668473
41.04038703091002
96.06428292794854
61.77123149694803
58.91863300227919
34.733914623559606
35.99361174336284
8.964545139403723
96.21974844097085
43.9931761079077
10.969900640753409
136.8036736162784
145.24448180197885
155.40924285103412
27.817559203449406
104.96790691313434
623.5436729718169
9.19649058404314
108.50221016733511
90.04604167033747
40.82723009914535
41.04038703091002
290.00791366604255
157.51801744130623
30.14406197195797
31.62372605835905
6.827237093705229
58.93495018971073
56.93307769537278
76.84935944665003
204.86907605799937
87.30542695175282
131.58161482800057
196.21149733224462
16.366536624750537
205.93994015719272
100.50144149370026
64.60572683372688
301.0040371211661
116.83695640459581
87.6623440526829
10.258394599915833
239.34228812559084
61.00204976638985
64.9129649460746
110.79539917220906
134.75520126005296
126.5487911632964
15.95463186054144
100.88681126594732
192.24675445456728
157.30312611888175
87.28984110131638
37.8797793211852
125.80230444833954
152.78637484572437
212.5882164668473
144.28535505414087
300.5177617582725
129.77766424815724
164.5050346500969
42.86714685339846
34.58261339806425
113.7132337689215
125.51002025332505
147.3965855043642
73.57252462007717
78.16393771526684
166.0539459820626
141.61489649344844
196.21149733224462
53.09477646762059
77.39600062578408
170.45657424764195
154.38499124458164
348.43798526516963
80.3800186945432
37.303626182184715
44.54011416758483
83.31067357926896
272.0077490404236
271.5272476870989
11.817482104268446
137.97518583213818
166.63694638483068
63.27997325856631
73.12482601722091
25.229380628008347
185.10394458174255
32.93230645536353
100.29647497351708
24.79220069081386
38.08133130700832
1000.0
65.16713302697781
357.18725200350104
129.77766424815724
124.03861438438682
95.27191389419018
2.991885705596202
814.5662724706308
64.20908408109561
9.410271326129036
107.39053387149846
99.55003482104321
39.296793460015984
54.32551209485918
15.689614653358896
265.7747892884061
137.77548895863032
31.17270333007956
36.23555923201874
155.4098029795691
121.17075584667309
136.76717605249485
152.81621520338618
129.99584050961508
100.85412725162384
217.7265393192019
175.66610042249326
5.354436137462772
176.11198939188773
67.35166142457396
156.57429697433494
114.72958765385648
41.1884951339792
169.41915194874736
92.38906092567628
8.231781980052922
31.17270333007956
140.9100318991586
37.86531983613441
119.16495108400076
134.75520177593904
112.71564750376143
135.8566518226123
71.16139786329431
35.00308508662158
101.39161778174382
119.48983145310169
97.98025324176068
337.56902853569443
160.01397826707182
154.0132611496716
291.27404826498287
215.9780979935885
361.7724510814224
143.00940912812663
126.75894125537302
269.75074365986364
339.1502120386733
134.80392204108887
119.96119014789221
322.90575323794155
93.734694758805
311.83013340735084
323.17840998168174
321.54100303022716
235.3416934053019
118.25091589077068
129.99584050961508
187.82588684217183
150.65916220717583
115.29190196079647
348.7916944141507
41.42646896770282
151.08530967061955
129.77766424815724
21.899084390651595
127.54263200992222
1000.0
118.95640986930746
10.352057876310186
344.9427271163846
145.76076941932914
173.90221133186176
319.93617395337407
119.38990872868852
320.2436352837437
323.7107073570179
131.68684548200622
117.21088433519742
78.60145760965784
78.60145760965784
53.07896906112471
66.13931734449875
143.27980647718627
41.13739770946259
19.516627619478243
154.54680381771328
283.8123444680001
53.21020524575269
123.63473089979318
239.34228779740155
65.0119513654727
73.70216183015124
121.89839075823748
335.6052938552423
801.4598689001031
187.53520158519828
104.7183360444517
259.6378054675925
9.821052518357558
145.76076941932914
48.810329244472925
32.82243517391073
65.1985119889146
31.67336918303239
528.7873685576122
31.17270333007956
142.61996435978432
156.41007941960976
17.189121370888746
245.23113049774585
47.62932536917933
91.38393764429858
75.15897360685034
179.67947174420925
204.81636116276724
61.991602719439
35.70254105325637
76.30158180838828
39.677351619502986
318.73918649811964
119.4281893441977
261.20461284752423
119.96119014789221
102.64806215594217
45.429508390848255
6.829845020218469
190.56028120498806
366.9794053504953
45.18639149850313
164.1382233404235
286.7044129166
208.15819867881254
67.4419004817039
101.53783225134916
102.06000769225503
110.9494116814764
40.4289166653343
108.13081551835668
9.181283975654257
76.49858213320263
167.694973776958
11.110048065197475
111.19703609180509
147.6190175955747
147.501765597465
235.3416934053019
135.61258564260146
32.45607382289927
26.310023337542052
35.79978740008472
120.05278538155339
64.93390210824296
76.92303055609166
180.12638938803133
55.888923304768
60.67570454630777
13.405187957723799
96.50545477549427
73.87383359084039
345.7622156542501
175.72300340918477
54.751092052755396
2.5867890002732823
117.05049859193434
154.21699435997203
25.470671907269708
23.94828467621816
148.31909283760407
77.00896918963142
64.86495916982406
57.67431014707665
4.285214916783088
188.68198390770436
95.29303131034372
82.95186694480026
130.5690355352539
56.010144105319306
6.19023977479854
82.35397956256826
332.6476533727844
184.5686517381714
406.27684823220693
163.44197223911914
248.4523234185726
71.85688385688879
226.70987982599777
23.457900874210125
23.6699554676073
53.18831000566858
40.56002160487904
169.9064949414119
7.585311859985731
23.49171767280833
146.65709891900167
130.98415998274757
101.40499673503253
47.979601242617505
57.06488434062211
192.75605441851536
21.14449125833513
35.336461267682736
81.75757739861214
40.37935551513373
79.92567296617749
90.74898968333437
14.256383439566113
129.02419154701258
160.90098397093718
130.42497577091876
146.13263325550426
137.2272209446332
78.60145760965784
242.78802545088212
351.8234055023319
156.4533600738099
144.5717109598269
10.94140138766286
38.437786656135984
47.23770129216281
143.0025791333742
39.86164993819426
242.95011701642738
147.17458060747072
162.10351857844324
109.87511345798525
32.135105856722106
136.49094325952103
274.6126536176515
135.27695248462854
67.94538355948178
119.36347843206649
5.429630353989448
72.86004880916066
260.10162275367014
21.557591810235184
284.0079157438772
204.5240885603016
118.37744882098477
132.35615990902502
110.1610307282094
95.76831469764937
25.18197535813247
26.488818938480453
352.52903909813756
40.46368267087477
80.42853830232288
66.54481798038634
90.80975963507521
59.36818033492998
161.27489998166
250.24107617876663
67.87047788979234
140.650680146481
10.338424451309724
142.31138496331587
92.65727503044599
129.57447563339926
217.06925874415586
35.69652468284526
21.716555973981897
128.3951912223659
49.19508776970215
43.07916282219928
41.51936884639515
93.70823945157336
104.67151777688252
99.3756790780656
37.80546706069083
78.84217019234092
96.56691400034495
277.8105380958006
78.78255850380755
0.5112714563396743
86.85306571299348
105.6946664534187
137.34273546181518
72.96740503391729
34.93836915184081
163.23678335449887
6.0122438227888315
131.55374061221497
164.19348962078186
147.269500791678
57.77092397200778
100.56643761637001
101.27817473235847
17.34334152782808
118.20454432724823
66.56532040949047
115.56428350372003
321.65935945783076
15.506609651468995
242.78802545088212
1000.0
215.29707824224315
196.21149733224462
100.2157753310284
103.35651610856945
157.06169018821927
68.23528048491565
136.1028615796108
53.82675130830138
1.9524177529638929
93.85423384844741
30.93480867639945
150.11194246753075
163.86769121707994
49.87024340924061
143.76106682496362
87.28984110131638
26.93726166384939
54.32551209485918
62.006279030851054
210.71203220290647
72.28405127815564
54.53341378058598
43.70536934250495
239.34228779740155
108.50134792362779
19.235617139963555
124.1077453651985
41.51936884639515
145.49535048273742
66.7690947475493
214.42237226182442
286.01518091353086
70.85205416785199
1000.0
32.66326763437262
20.50122351160027
14.359836718710728
78.33300191731293
37.95018001364803
109.36359198508178
6.385090176058929
12.179064734244406
54.51933021961242
53.93186893256289
1.9218179827776931
50.68187022421844
134.75520126005296
314.60168976988643
237.59945360238967
21.899084390651595
25.835652740174165
676.7453656549267
70.58302508852438
101.19114491828715
237.41345244518826
154.01325973748564
197.36754545314693
137.59300508235975
89.05175848201779
198.1401536056913
23.91153190856429
207.54178047012005
40.56002160487904
239.3512629929031
45.87543320701335
44.78264666955622
123.23784579670381
139.94207155894182
70.86622513898939
138.2111739935888
1000.0
163.86769121707994
129.8184628678249
250.43954827227165
68.76362596932387
1000.0
158.3661343414678
66.54481798038634
237.00221009718405
38.88932432466272
129.91425554247263
44.66909453361554
34.95871743567579
98.02598239340378
128.60589245133949
54.50852612301242
127.8680586315688
322.4899425372322
237.51273605184403
118.35148422627296
12.675632980770798
134.75520177593904
47.078509873128645
216.54317339972508
140.3343743605726
77.29437825801381
26.930055310656098
110.3205721923271
110.3205721923271
157.43085471030432
150.3306489562408
139.81816734715835
75.19197711194677
129.77766424815724
129.77766424815724
45.12826890291298
186.6912232952481
112.06182292616877
112.46302697953831
30.194069900588882
42.31062094471065
206.4523827451028
179.98558200807673
127.53176522721857
156.89207509092782
3.072165733856791
232.14855894707935
135.05303701372014
74.5598341648703
10.974815073327479
31.17270333007956
161.03388221209167
85.62668958252165
156.58885067937038
38.98706903456769
66.3356939437515
50.0563814781962
31.17270333007956
105.16181930406354
84.26695857072225
173.10344646186914
312.56895096314247
125.43295176112562
102.58706848750833
171.63146758331754
135.67891288862828
88.83233893584807
19.376900402996238
47.42461649839054
22.69271488699764
8.273560583654463
8.73748431725324
13.599693212737998
242.78802545088212
77.47087316251005
119.96119014789221
21.735588670843676
98.65170305137065
77.39600062578408
17.957724307610707
190.27345579149355
296.85864895587395
109.16728855886642
1000.0
124.52249552203712
137.0692072276086
112.88745677070021
114.00104672289476
150.75280926092117
41.951457798976044
189.0004962071528
205.67231988375667
21.772807585480248
101.11111680614303
157.62676485331036
354.71334832003146
235.3416934053019
312.3839225075186
124.53100747667857
279.69751121796025
42.760147384164355
71.06768458157957
126.86089942690856
106.5459896537341
24.025479126799215
34.71462942543464
237.26528847341874
343.39866518971445
87.07762072345945
21.899084390651595
231.21594041798022
167.6479544376292
167.6479544376292
162.78370592370305
143.84395995206586
1000.0
249.45981640819863
129.53698716205363
104.04967783426966
182.16290060133775
29.36661250708511
110.03735376474314
57.354207437832606
93.95904453415339
303.02038258947505
119.96119014789221
136.52584503488262
224.0106914312334
282.92033009726214
202.54741375584626
144.0263721183263
165.6450596130089
318.71248377632037
84.41813993737844
148.00148524777057
159.52373043206498
21.20417505021201
33.596199579429225
165.54719211172718
184.14938428951152
110.3205721923271
41.51936884639515
181.86527133437235
212.5882164668473
236.86916180670121
136.76601591922594
136.86328512950206
119.17344137244415
116.41244929262905
203.72589473979534
77.39600062578408
1000.0
160.88995517262398
183.58946203995157
134.75520177593904
68.85472632422135
50.38360251351847
48.89396335642439
101.67894704006142
96.27233734385413
242.78802545088212
49.88034685074529
183.79023846402822
183.79023846402822
225.6058089318855
225.6058089318855
55.500976581416495
11.35056139651087
174.7734657103837
212.5882164668473
76.3332562625715
43.84086881109652
32.48074086437596
341.0626389922276
203.3542825794816
160.9052153621363
119.96119014789221
297.4464938458569
204.27926532398988
151.63823255108952
70.80457222701976
251.08943352864392
68.91541705940986
32.86237273763552
159.04836984895422
250.43954827227165
231.71597795109687
71.54284908833654
28.959308279087235
85.07651066022653
7.426373188122456
35.943383004403806
103.2824295785598
282.441545752759
129.77766424815724
94.65151081825763
72.78457791075753
209.0070726975009
123.63473089979318
73.45119617912025
144.81583830595596
49.02276743799634
91.92602316621849
77.58517785033743
43.65438938487323
101.04021002339587
1.1945951396096555
93.85423384844741
26.590908318587104
70.09148716288436
144.65579494259669
135.837352619276
155.40980287913246
119.96119014789221
125.18577952289073
12.870964439599017
28.58707921510548
82.19015881294969
81.71994359825055
61.23135576898688
169.5834759795984
145.6293168974761
20.966583176452794
284.8196057229784
37.17610872348295
223.14807829766627
28.329574215152604
255.16146969240594
92.38943186180956
120.70083884366692
154.7008714564625
290.246638887212
154.80483954613226
84.0986980366519
40.78644405493324
123.63473089979318
237.2107030694915
166.7228628235544
138.89077520801496
55.69472270023292
615.9454160937095
63.42471496740182
180.6678535454918
158.11298053678334
279.63349705336833
790.788597780164
34.56012373076532
150.11194246753075
43.64853235128006
110.14369301239702
179.47210408688937
191.39482418660103
0.942750022302719
25.169872936190647
89.53316755252
279.8569167936308
88.23698227842046
19.75741242429637
66.54481798038634
115.98726007142673
124.73150898662314
26.029823268151123
1.6621543115160358
212.5882164668473
71.30279350340483
129.99584050961508
187.59188970576716
74.66424631421012
110.41420930956362
23.528354204763048
24.188162209842552
60.525580874842525
23.20424972366558
269.78558056896986
126.30320087913951
41.36267512450791
16.19867733463599
324.3909940841222
197.39321483898848
71.87669042801609
71.95724739623955
71.95724739623955
50.87481873308169
47.06048250427561
12.860210285837997
151.9738774652738
137.00852601253771
15.84342922335653
170.83897714675717
156.95224918958354
156.41542919912558
100.72605841597485
70.04161378026254
133.4059110013701
61.373390654569064
66.38173826493004
193.5847888481304
150.11194246753075
81.74526097759856
250.43954827227165
225.6058089318855
78.80625778560834
44.760232921728786
23.738526683583984
65.06195001903711
44.82890631268074
45.70561855484075
18.159062697615973
246.87883285368025
277.24820135870374
72.8220687057601
87.58845602027439
78.33300191731293
145.76076941932914
12.074561426153078
67.3740019303677
107.05208660475058
67.13689834512688
145.76076941932914
145.76076941932914
80.44524534752857
70.83398500341882
220.04497993268757
261.3591570292049
62.85920347060164
64.51451465652308
1000.0
113.44959776863332
71.30690549685517
129.50281857834744
67.48753699235465
36.351222586778434
60.700276265685964
125.30538683546519
84.54180209240694
235.3416934053019
149.7444283305183
125.71338889884662
106.1681855421343
33.34314100060585
378.3798390380792
378.34940621129147
84.32693047172452
46.78766975778258
44.72242697819176
174.83889196344342
84.29885895401873
322.8258623545299
57.57182980752503
134.36811362880692
37.681068282961895
74.12020230808996
170.74561349392383
257.988228259994
155.77292230297834
138.39329529327995
14.853626749195211
31.88490047516509
7.2412676504285365
1.749834286295394
55.503400628844844
7.682632474540891
122.78525799297623
48.008828328460886
184.62625283786647
99.68773652906914
183.8015507810738
16.57058752883187
194.630576681261
70.20575606678088
190.34593821255265
31.17270333007956
12.532307385005499
18.70465823653113
22.68068738820994
196.21149733224462
182.46714645859444
166.67971613240462
214.66092808630447
129.92295894297897
238.37982677024797
103.22830160629852
3.6083845589185572
54.485607248343385
104.95612267700224
225.6058089318855
65.16713302697781
246.51162602442525
88.12473158415399
377.95689254287737
63.064578315573385
327.90741247556105
107.19173962389493
50.78353413682323
22.91453722077937
84.78164057084224
9.199529912492265
48.83629675558112
48.53002581904034
83.67499264822679
60.268453401221336
15.091376720576406
18.064781959016987
176.20230391822875
354.85819964648414
208.31165145612425
145.76076941932914
66.7690947475493
79.53114841551869
54.139231538640885
70.60083788766863
64.82828855237418
103.55022537368895
46.84699423361742
212.5882164668473
30.419431637002134
1.7058729263378025
26.475727649112255
54.93574155505691
59.20880574119248
301.42637270351406
132.22956886324053
200.7583618749863
332.18093158238287
104.62538030377036
96.02109765321121
37.83568994666013
93.85423384844741
377.01279700281
62.238092843509605
139.62587418657048
197.90414981717305
315.32425833977214
344.86261800503763
82.1916701837724
288.1999426905847
139.62587418657048
55.70729741949742
98.65170305137065
126.76866821365937
368.3546251415458
22.613094059056756
39.4384488701472
76.35686099131773
63.76947872038743
46.86907032363939
41.91999641597661
359.5248943292624
49.949441571401714
45.510332187282316
22.686226755578563
15.234416342222122
127.57593031060563
212.5882164668473
41.51936884639515
11.865297199740665
38.19381007552535
59.54159696118165
18.91012750919293
36.37564614868698
487.5645868100722
127.64490615681187
130.1059444195459
32.84070143430826
335.5401782906278
37.8797793211852
37.34457314009025
179.57262761617233
179.57262761617233
117.79266299063477
44.963211675168004
23.928077532453123
156.17011181325026
212.5882164668473
224.15110027659782
166.28437762152652
41.77560899288538
151.00911171889973
15.219486646673728
111.8921573914849
199.82528464817682
98.59126307658168
65.80940969701247
181.33125431115684
155.40980287913246
146.18249267346724
28.002901215102955
235.2717308237254
159.87280528782597
4.421078550543763
72.26234839383997
511.5234062213799
125.78971875130127
47.23770129216281
24.331725147697213
57.721450114609034
79.1813411688665
195.03193302922176
40.64249571382731
86.2371350572775
130.85598504261557
49.946896929988
121.89839075823748
154.19324529628378
120.8069675394156
83.12879569421868
132.85099089986093
136.39574907177257
122.07681244605345
196.21149733224462
109.03746715168741
109.03746715168741
118.32905120118765
295.44836971794757
140.76195203266826
24.585773665953095
67.05456545416583
100.89004276372066
49.102246331966995
72.61858905345505
43.314700738281324
85.995580093232
123.29883980740418
133.72057568228885
126.53362624680351
235.3416934053019
63.247539556563275
205.86990718144983
347.98842362933794
76.77359644830004
51.32668169265418
21.899084390651595
97.13263390451813
109.84091226508545
119.44180211853397
235.3416934053019
77.19688796254442
39.43180388030863
81.19240375878415
94.73179415049603
63.51929361967743
212.5882164668473
242.78802545088212
41.51936884639515
174.50368531837867
119.68295602645362
157.67537076245617
118.52978606236567
32.50500166436969
443.6051258936577
261.8964944276696
113.47142318301557
72.98665415646678
123.17515295744461
329.2027459352703
77.39600062578408
160.88995517262398
101.439121284874
63.73180559055809
225.6058089318855
60.44228942305581
233.62665352579413
41.04038703091002
108.37160795366842
84.30308148584174
248.08045895505546
154.99969825436187
59.13082297225118
157.51801744130623
79.10773894702524
15.969720491516814
76.43265752273797
141.1378722945564
103.03170334827234
223.97681741842572
60.553877972744715
62.20412063729953
69.64748754809186
119.96119014789221
53.99157532068346
250.43954827227165
246.53663327301516
74.3006652872398
69.96543196506981
129.37348702482922
67.0373564952603
124.00732202576432
63.01865733156934
100.81843815137967
93.8658042812279
66.54481798038634
118.70959848487158
89.79723516297467
170.465079805641
41.74754204048374
95.88081063063173
429.5905863057066
50.67432300607096
203.69248350570717
203.3576306179566
149.28751398400246
79.66726750702388
231.9135343549365
128.9442641206211
41.51936884639515
30.296177594171045
159.51574548348003
41.04038703091002
120.18407009041431
212.5882164668473
43.12087766675884
195.15460784276473
40.03937319239373
139.77156985628145
32.29115671280227
50.841119210708186
61.88197418871952
29.60083298286749
142.50789494905717
157.54643296867005
50.44844058134384
223.10199231360335
55.890979977184365
134.75520177593904
51.98221006621814
17.52566086375217
91.8387552919039
188.1529362797956
137.79492088394744
55.64038219821147
20.679746296644332
41.817097431713265
180.66785354630977
31.17270333007956
145.512420857142
173.52408162245504
38.91219767177635
82.59639030018414
84.32693047172452
136.6277702205873
152.56480698294715
384.7378723564154
145.01700277622123
103.90616006789773
118.19078979585382
173.59080857377583
101.7197785100749
32.08757791912346
77.0753290097574
99.12918262781763
431.3924747419946
363.2281622071983
51.93996644145574
203.73004247141893
478.72651605190293
173.1061588752609
118.10410202122752
29.905182533584814
82.6894809018496
107.73040267592836
53.16092911265828
41.04038703091002
80.32191592248051
55.49640261394371
49.58154350514534
203.4640058527523
86.4142426792529
266.3180874059509
126.89062085198721
51.341839838739126
153.706116950092
227.6286019085296
116.94255813372985
55.08679333563543
121.89839075823748
119.96119014789221
13.635458797205837
132.85601194691574
322.38652957200605
443.68049885169796
117.21088433519742
179.57262761617233
120.36492458897708
133.6208589562632
75.14108521948098
425.88377526541865
255.46359312104354
248.53414909106044
112.38824639595909
131.7089552685202
161.58006110995942
229.8080608550577
13.036523066889208
12.697392939838872
157.1243631532727
41.51936884639515
114.24481490613522
160.88995471908197
36.69754461297322
314.57457875900747
194.22443731005245
122.14061521674085
140.77886997534915
191.2159747285304
275.19285522005987
136.6277702205873
40.03916893824359
40.94922136683995
58.49323005108314
30.47823812762188
57.105406035001266
260.5807524709356
501.1790198685925
10.101378846242726
20.86961889634154
79.81764960501964
51.859844692914606
97.21189074176453
231.63692678851135
69.74560658283892
126.08278905640033
279.77903080839735
255.0889982164019
75.76510141343675
156.89697015191953
161.77915271581017
145.76076941932914
268.0720328073116
268.0720328073116
157.19064029594122
104.55021973124155
102.80468019587866
212.18809742479547
101.05360069310123
41.64736551479668
311.67079334546264
129.77766424815724
311.61764699083864
21.211968347506673
59.73344753006278
88.83101993038282
74.7519380431719
31.17270333007956
196.21149733224462
99.43135276765749
125.31326661697199
123.3323726049624
7.9452948657702285
44.87673679693601
48.85703201842222
11.668080006624182
11.442348883001806
145.76076941932914
301.69142293842987
102.17938269458608
326.3135996431712
86.8281051026818
241.87435673035634
253.7613934942689
122.3887859514474
19.76887753572938
76.7278988163437
83.80847637501893
252.7433605277033
221.2268334167695
285.3297199784697
97.24431021246222
183.6551830948456
250.245151749599
19.530906544096503
82.35837063408478
129.77766424815724
212.1943249241264
100.48855075959166
143.13058684928453
109.12711424059256
142.5629856133381
55.503400628844844
268.0720328073116
219.66674040462544
553.9883716490971
45.665361570179385
225.6058089318855
8.11988503324958
299.4676126431849
76.06842947860568
75.33301660105484
348.12047761786374
31.17270333007956
38.644915841626336
98.1429256734598
77.85852850449945
98.1429256734598
61.39992952659608
120.39578807867686
72.67039894088728
85.15521951799074
2.9033707293373965
98.1429256734598
123.71746381959498
24.465051229668557
1000.0
63.84504830837556
98.95646134850276
109.01853823127742
283.88946878318643
86.76614845371623
406.27684823220693
30.58950506046092
39.52699758248297
73.01988588092948
216.3978199643374
38.136340469374126
12.41931594398532
82.13792600811222
25.200598224117474
34.55172473288519
125.3000042038613
37.11962211761634
96.96394500570042
146.56421542960726
59.262794242227706
137.99404842671044
83.40451492957347
7.7212013113623925
79.20230539275255
15.159364552180813
327.8450204120637
82.78125179048021
385.06732553186396
385.09840313823645
378.3798390380792
123.86826692243461
134.22381614836823
144.32306080329403
253.5258352277253
224.72105788500454
148.36529664903736
297.1021915839582
10.098505926390878
82.04630566942302
98.2047254446923
206.37057645408913
55.21878940680693
208.3055557761106
139.68599662482328
139.36171093417812
221.4474453072339
161.32370331039658
100.21842974321764
110.3205721923271
91.04652441810317
20.142782028419695
47.15723994535993
10.526291621687175
193.60627956119828
19.31781975690772
149.12510700274234
37.303626182184715
31.96297388073431
62.87389246683758
68.88699685393911
267.04647396408575
160.88995517262398
67.69958693897996
33.40570501574751
77.40667054216418
12.800368097586034
50.70184060683001
8.803496506351904
121.37685874504257
45.331586586338176
142.9186012519003
774.2457847629395
35.55558176475097
89.8551589407887
131.9409742791382
125.81584978764815
69.26108212933048
194.02674859175085
129.4343382677959
78.46768734741698
8.079206246672497
214.67909671013533
96.51565309690963
3.0172077078870414
70.2939939659843
182.5115653462565
30.43312046307586
17.14692137947645
225.6058089318855
244.28434994987094
217.706657911146
94.36772574100578
94.42696927623098
280.6777748090417
131.26886079902167
131.19859190957035
247.18885211674552
154.1724285130532
168.33964457003884
321.49951492797373
100.18553301716615
133.46877790572393
34.806214957301194
82.77113146628028
41.51936884639515
82.85732929326323
31.17270333007956
80.95827506449825
180.86515553895228
193.54555273331175
296.3883656459105
235.3416934053019
363.0431384273956
242.78802545088212
433.1748325905398
41.51936884639515
103.16922204853053
161.13102587401005
846.0649217920857
11.213695419193646
134.75520177593904
82.93804568342175
177.5602457062134
170.94649007017068
22.406844112544633
153.32581188828996
242.78802545088212
98.88690051926659
41.51936884639515
8.565234035413596
113.73054456854793
113.73054456854793
40.43040646020333
102.59598220533786
31.17270333007956
304.89211342596434
21.899084390651595
200.55529174788265
109.45572151717599
1000.0
143.34098594974338
113.73054456854793
144.3698312449972
99.02751536092588
12.252453591796963
148.9458910113505
136.79825607570126
154.67784339360284
147.1381905181324
155.90624109815062
286.9244238820526
255.98363396971075
146.1916680582888
109.24266685438158
269.49610378471806
8.294808327706827
51.15437724228065
27.117494553695703
199.2654068545299
265.71431725902306
128.0117470306349
307.0648698337675
242.78802545088212
81.22063320371505
196.2697350366265
21.291130783245688
324.54320457611226
104.74931037978081
109.76684561150532
277.7657427094246
190.11735690332935
153.29457470341458
119.96119014789221
218.84761663826862
209.48139823090577
169.44394454841787
102.78966102267313
83.36330338895476
153.65369951179477
149.51321753247998
179.98558200807673
37.86382799308167
228.39573598460325
124.71436451024977
704.5972396343371
154.0132611496716
225.6058089318855
225.6058089318855
96.86487902228926
117.82398389621562
26.520583006188495
400.6935358804687
109.34542595516369
89.1731852494229
68.79841021402237
164.52718545795315
162.55951771627926
137.77572555974123
264.10994928255406
64.24183732180052
5.295261351888463
152.84757023349005
321.76152949167084
121.43537142928948
195.3761517378812
166.22945995270354
248.63065162141768
4.388517431519204
67.02275885419911
107.43887304171231
92.1917073183653
12.58048193242727
252.37475040789852
200.2778548460106
132.68681646235305
129.77766424815724
292.4615166286237
292.12293641948804
98.69264427339816
145.76076941932914
49.77510575684738
77.54911583552084
73.06820364099718
138.5143108731769
343.7587187819365
134.75520177593904
14.098365808319056
66.63598058905454
66.58910060311138
120.35610021242113
305.2649034456845
250.43954827227165
52.65580074045341
52.938967499955936
159.28401914146622
23.599699423634988
14.982167286377498
107.07179047731137
83.28645455696733
194.69114127968086
8.959418037610062
56.69905065705581
32.29770158179998
13.804174343622682
6.8865427611385375
61.92350159573183
147.91457828348126
124.73150898662314
84.0690000291279
125.25570211843493
181.4476034976079
141.97495799440665
66.64947645759575
1.4868615163751424
281.4540016846537
79.73720808647853
129.77766424815724
119.96119014789221
16.75966754878937
129.77766424815724
111.4008639231561
36.94248516444898
293.5678210945279
38.77240787406045
162.56098150803672
21.640082463071955
58.317006947500595
212.5882164668473
102.89037397956577
37.71324768585917
149.16865532074365
100.51776849951379
31.816898603842834
133.58356966723483
235.23398823648205
79.55161546878249
283.05452126724595
60.005406167854055
128.38284233364004
25.169499193601776
78.18124872908184
26.734874791147544
117.79766670494988
212.5882164668473
171.91258479755575
36.910193215000525
95.76831392112526
43.39700563628639
179.98558200807673
38.988701762647786
211.44113529205512
51.47060327822703
130.5506873159236
239.34228779740155
7.976600855792607
80.07065230487107
7.296341181951727
7.362092788554109
137.07180423541402
171.99643339688285
3.2501025665814414
154.40660490576244
178.6401488615071
111.29419393904358
235.3416934053019
30.173297833777195
98.65170305137065
106.95240821967536
68.77519487420255
72.63095568617965
32.335107445314385
63.075289267494256
60.60017456714862
11.344231559914192
11.293017887737474
373.19506060470644
73.79545718477215
201.09652747419344
37.8797793211852
57.46552216198982
5.871846895626397
76.08768522379118
99.32455637607356
519.0348227914875
77.78858412549572
111.01399114146021
33.68765260745009
218.58623585454032
112.60362396463329
41.04038703091002
88.32353975562889
86.66292883132834
50.53786977349783
11.875405653018666
263.56553420790596
99.91683227342
22.89558389444255
12.789145948472383
125.04736544784781
24.363434941065353
62.864550276318475
212.5882164668473
52.0883052178137
29.760502110676434
62.543396511777786
75.38159217028073
124.5170634408128
203.3836222929291
121.33202170430502
35.59052224926855
289.7396650152946
34.36497363621497
352.18447535386963
136.49094325952103
269.2420808217059
135.16438146505024
16.860394565741057
57.774604979474134
24.255380505951113
95.59832824217091
133.03712659887648
270.0904055805647
209.25250388506902
319.93999511405525
27.088637179876077
168.34840726668634
41.44862042994491
108.01625139858372
112.06688906319043
120.56046068736299
48.27278216214574
74.3253932275761
136.6277702205873
1000.0
110.3205721923271
72.84628056022561
110.3205721923271
119.27516104669392
242.78802545088212
159.64150791043724
173.34710457361055
74.14949122315342
235.3416934053019
132.61345775333987
65.56032589447484
169.49875788673478
77.79467610138497
188.45991026746697
170.86849535796478
298.84859634448344
84.80001144287424
196.21149733224462
65.29360662242169
107.0417143126102
139.6596153430316
152.79673726597179
78.60203191327865
121.83198932429744
283.28193110305705
168.25079069047257
64.5747268387473
78.60145760965784
28.320839458383315
152.75238317593562
365.0600554451394
183.0458086140234
124.73150898662314
108.34416286783699
82.52395857761843
178.864304802455
189.29905705285617
59.50963279784641
327.24658824058326
132.10777064035713
107.24013498266297
328.3997535931636
22.461378639032684
109.45665332881397
47.382386598494286
54.32551209485918
52.33450449326042
292.1958336718852
93.85423384844741
10.248376214861967
55.21492201703445
54.6069299542684
68.98266507592307
42.593013023836455
66.18703441040118
51.655905110627636
95.76831392112526
32.55745739755957
27.111634622524704
159.61054639906123
101.91051785438763
72.44924736152244
71.02405304011897
92.26984799684797
205.13051945969661
42.187618985543864
92.6627468611634
26.001575707910167
51.97674775473659
36.99666601039415
58.317006947500595
46.84699423361742
90.0601588370353
99.65458516302057
138.99032756478053
155.04356722122574
100.19202624944403
146.18249191393147
61.14608629860596
31.394922307479632
77.39600062578408
112.77802367158252
12.397491500239788
238.86902520600339
225.6058089318855
261.7584363669665
119.37869117712279
46.16438400214988
209.11302525919086
274.87473174305285
413.5610001685087
179.6981966566699
134.96907054232918
69.75500453834562
40.18213054793053
122.89745052453634
64.75109789327789
103.34778848555264
166.79780244014415
259.041745437943
14.737385123565609
61.637002149262024
150.01989636228387
16.998292816581205
161.8632179855274
69.61861254157111
87.77847009866667
219.89206525444416
196.21149733224462
43.54779432973977
31.17270333007956
77.2978202420491
315.94987260673525
39.44118373560879
37.74634122554337
98.65170305137065
28.20328594746117
38.18661136437917
95.73251683316747
235.3416934053019
19.37689913609246
48.37514858943624
31.17270333007956
65.16713302697781
31.17270333007956
81.3789116995198
72.82877116798942
162.38519830937238
196.473262362049
168.2680068370847
69.56638015069186
141.1065981818331
37.34258133319616
95.44610645731828
52.21092219004766
138.65214165084512
72.66884209888657
68.56185887896453
60.050582886515535
16.56174687029421
165.3337391130289
148.28159135203032
66.7690947475493
27.275072717187978
43.30047508228826
131.03532240401603
8.688386601640486
125.30538683546519
233.5515985053876
163.90745284957325
135.0062563571834
42.211782313652314
219.6463069021607
121.5965987516183
328.19522870283856
117.71247866509484
37.755835378643894
8.089800741351427
31.086139626369025
23.967715255665247
125.55264672342551
139.39946669483788
103.59048154148678
8.63991886086672
167.8759357456567
269.7552175608928
84.57904169514737
40.55495398863494
19.429971507322893
108.16110656134552
134.80951909822682
134.77467387545178
17.125752978992917
65.16713302697781
189.96404817893043
40.939904866630755
69.32772260687602
110.37962646512149
104.36296329675176
301.54493584188793
340.1020494619681
65.53966423480458
47.225490144831944
88.02558649437155
41.51936884639515
229.2318155891966
90.42334596856581
82.49520872748683
174.7734657103837
16.744685215874075
176.03669973123417
175.3574283018111
46.637013733081275
55.112345487574835
123.63473089979318
93.43574051739594
171.3181254713665
23.956582700130163
127.00123114675893
235.3416934053019
100.39244300121018
43.227434979710566
110.3205721923271
72.12704504690142
221.9595385696878
65.8574677289403
100.78615378478963
62.31488467922538
215.94203821919885
163.78501433223033
92.29077645601501
127.16657704297809
110.72012699973769
76.5661290958639
28.048977694911134
106.17370275967116
84.66708537216894
78.60145760965784
93.45954584775295
382.35615005899723
9.214723070210681
29.073824110119737
100.26672906921692
79.9624850531287
277.35086096784977
458.5425602928854
177.05446848993188
169.59034421027417
311.60403878619377
167.28978050831012
91.01657498611205
17.705909196431204
328.7892896032635
3.6083845589185572
5.576033205178166
171.05827048912363
43.81179950078756
176.75869904836753
28.583120995167377
217.04090893859313
32.76250342275093
32.78208130689533
102.84417849942974
134.75520177593904
81.1227526957303
145.76076941932914
129.77766424815724
90.18604961310731
244.32583377917175
203.27737999881606
152.44535859063132
235.3416934053019
123.81484124461056
256.8590166225254
302.2743741528156
146.18249191393147
90.09809725884855
58.79608382225139
21.899084390651595
134.00776248780107
82.48844607574759
315.4041221990788
189.89940038319037
59.33997480009853
361.8139308113067
150.47861822056007
180.54165689460785
112.772646179066
26.657275782676912
83.84209152128487
66.12655973353974
27.99835633337437
227.40880675319443
56.251151903766555
196.77954867684682
73.7437638574995
341.0617837166707
341.0625141944677
32.067126139498924
152.61558974196015
112.38552114556776
246.90646350852995
253.2689542082861
222.75639273351246
232.64020222478922
1000.0
1000.0
260.41603578387463
305.2649034456845
298.95684425481153
365.19875638803813
98.66426422702408
119.96119014789221
102.49968854854666
70.71716170092837
4.843674435703755
57.077316593117565
125.13707688319853
1000.0
37.303626182184715
44.97297557900248
1000.0
89.66184829465688
301.0261232415618
128.66676465235213
48.63143288291321
20.923738334317267
108.96793147260041
46.84699423361742
6.478157990742399
86.37107593618244
243.18400352090623
121.89839075823748
10.461152228651569
242.78802545088212
91.29594081783897
157.51801744130623
204.6455954249823
34.610130605177794
103.01911049195465
173.87969364149308
23.333787497462747
28.684268762591937
316.37365006995157
25.012891567253266
45.29661813326867
151.51750449167466
53.4298994704363
114.82533451415847
14.286622724918265
126.16674349051735
61.554342124616625
103.82066148362924
19.37689913609246
173.15125479244907
293.33039902897985
48.862337263715006
82.52395857761843
108.40442209743298
22.016159840427832
83.12143811938095
118.10410202122752
66.7690947475493
86.27203931763349
97.31189515492952
44.492952256268005
74.66786923585708
60.59507082696662
74.03068851539493
207.09129761831016
55.503400628844844
112.92648613398909
129.99584050961508
110.65808615115571
3.5946957494587486
64.94863628901312
35.22971064598115
22.350764203589527
163.94033322182784
55.24447930719378
229.0743569212233
115.2071297350777
156.0300070193284
61.70000965819573
16.317133749817728
6.484556232045856
136.87995137387387
171.02707358593088
305.2844873329382
81.29415801035285
83.16406083340033
69.0347963694499
119.96119014789221
114.331913126783
1000.0
108.69081187614316
145.76076941932914
4.284028684443904
54.51933021961242
129.39619347103874
125.75383357574815
103.27330775036664
295.49574083459953
55.24447930719378
40.29087678031344
44.238218658757724
88.07017267125453
330.6990412463204
58.32925773180301
4.546247684418241
205.4103853446908
56.8392933737025
152.77395404941024
212.5882164668473
98.89052352548667
162.78370592370305
118.1322864574063
137.59300508235975
142.5599868081297
84.94268455138891
30.224164482712887
56.28487309977055
427.7110473121001
193.11185510546642
55.24447930719378
82.41043175921638
46.13880412679942
65.91529001049334
212.5882164668473
253.7294903515017
134.75520177593904
164.2883773215393
148.33946994430767
98.67388471374785
62.33368161070714
227.3838182541577
280.5170913667228
139.92560574102566
59.7579370807041
66.17109603403014
140.12025872335846
11.25293636063171
92.98150412795378
67.52430822276735
47.289179540788375
49.116196815351685
129.05938479433192
102.58998623298139
55.41299444037071
93.85423384844741
203.88983422537015
245.39310387237853
72.92951351305969
134.28130608363415
88.25320520055513
59.7579370807041
58.491547989935796
46.84699423361742
33.190675656236934
31.64691308355287
228.0194804600664
43.591609086211285
144.5717109598269
67.3517780829333
651.521511317598
203.99856857362198
184.94931993902358
55.68086811828383
121.70069429823796
41.56812723121241
248.63065162141768
212.5882164668473
66.35227485735597
92.95178992368007
146.67930095760704
224.72105788500454
31.17270333007956
99.54252823284864
145.03080552950283
145.03080552950283
163.810030386692
319.5686689632496
56.20851721536983
7.851459371666914
373.10068277215066
156.4561317596854
1000.0
341.24500967006554
282.8819217464187
193.7713210899637
184.48767358626233
116.45137721874269
242.78802545088212
255.61506218420183
200.7583618749863
145.76076941932914
65.16713302697781
31.17270333007956
288.6126365996623
95.09826830335423
101.1080627707022
13.74911894001532
96.4154084282113
74.66424631421012
19.021177210933434
5.645651660390435
22.566757791867232
95.76831392112526
90.36389310031814
106.34828022166535
126.6028187405969
127.33608692289688
147.03765951942134
224.30686072438058
96.49597865403405
8.552877637607965
31.17270333007956
180.6678535454918
68.43147974481593
31.17270333007956
112.57615370626444
194.04212105607598
63.78327247079611
137.6542297062053
210.92380553667425
298.3876237921971
127.13036229828631
23.843558457363418
320.34115510761546
210.79561673023358
58.79113694618003
59.13082297225118
41.51936884639515
351.52299154825687
110.3205721923271
134.75520177593904
55.527365707868746
65.16713302697781
31.17270333007956
34.15073813864513
70.80305121186339
18.170793707927643
212.5882164668473
154.19324529628378
11.352813067010835
12.320350599393162
241.3065732498168
134.75520177593904
119.96119014789221
36.28911540385175
7.845069379893124
52.18936481413274
33.137456888470865
110.3205721923271
18.07123461345317
108.17400310393776
116.88630533863902
206.48852526068586
31.17270333007956
242.78802545088212
66.7690947475493
117.4574421010745
129.77766424815724
78.33300191731293
136.6277702205873
21.42663562896876
19.899028213516797
54.39172736903996
74.59963399595667
53.07896906112471
92.30097944215163
140.67567284205188
186.32161453167035
139.47264549808682
12.977812483788744
1000.0
257.8152536491164
174.20310205202367
106.41399016900301
75.99788854773128
87.7852102522431
43.0286826286443
242.78802545088212
103.90438212706016
130.85598504261557
1000.0
28.53785379661363
41.04038703091002
260.04772583394004
486.81258896709153
312.11280282106446
164.77925153198098
49.42228248851539
62.20412063729953
144.1943979226789
148.07622960353976
76.57203373987204
163.26538301445026
67.14151998287183
121.7742230037865
80.5339743280469
75.92347442566421
110.3205721923271
367.73909046947944
443.4897854105576
110.70247154065221
41.17740996473511
54.32551209485918
156.37346399169328
31.872947613122793
260.676951978784
307.38538932568395
105.11006269996645
96.86487902228926
100.93725775251627
19.11542950947264
19.16249966626278
77.85852850449945
2.991885705596202
156.97529279267292
42.7957801656391
60.21774962568758
259.532397035638
53.23668096378238
24.188163637308993
34.6980181266352
78.98705267141243
99.85039410863821
97.08274725613232
69.01465146417952
180.12638938803133
159.27011884664125
171.23787657359293
21.271955983698867
119.96119014789221
89.08589926294998
170.51088602485473
265.3229938277727
120.05278538155339
156.8911626363403
147.3060636896823
292.7819692721645
162.99599981832102
89.63452762223758
1000.0
214.3992774935351
34.59809863289611
119.96119014789221
63.85739822312802
394.3364070987597
182.20185742893597
182.12552206933515
43.04008303262001
92.32981777157615
25.109451304158725
42.02523039692155
102.26303906428718
159.23355569495772
90.3943353596098
46.84699423361742
317.00396565515257
162.37238179231116
326.6277047092784
178.03330678715903
99.35858247334312
41.51936884639515
47.23770129216281
109.46321761324343
249.1527851370704
411.1562253082371
192.4700242662888
345.85636909038584
137.07346682921556
29.468634429346043
129.77766424815724
81.55550469898773
114.86839545236869
359.85916190361417
85.40702101647013
41.09491021597077
134.0685229930325
183.07909413672797
21.45763997870079
212.5882164668473
103.62186623435319
122.22147705887497
48.906728447162166
87.28984110131638
146.90061360756712
155.58947646413455
124.24361584383772
136.14433142773746
144.6583044868854
151.55443350330216
130.98415998274757
161.36126636728608
183.42768316289127
84.39222843068065
130.98415998274757
43.78941676341101
242.7762727007319
38.37095941257485
83.54443447343148
226.8490742913211
38.50635958821016
1000.0
155.96012407128882
46.61438598811356
27.13654591076926
363.0833700180961
109.35311197065728
93.85423384844741
98.65170305137065
23.622842485090377
296.714680422812
129.99584050961508
173.12576267081835
250.43954827227165
21.28378347118813
19.167359025207528
147.94114177783408
35.19217735164028
13.09888939100402
51.074959973232346
112.69968497248166
257.65137047274663
21.899084390651595
94.73559398092851
117.28438320634113
309.36921400785843
17.317255506778167
1000.0
46.323835270186194
20.459988308482302
274.53606764939434
20.13926598200554
61.58620602659268
128.47676027265467
23.56494646900167
31.917845625588665
132.4102666082708
80.46628782832359
84.8366605692424
47.23770129216281
190.6975156313562
84.17042671942563
172.75196647643975
18.280996057555644
317.4539335682936
1000.0
165.2146889519592
29.022427603667097
143.8735145838939
19.946652021969214
128.5265339295906
69.11673979179547
76.86894245331246
495.79374752688886
82.41908877643132
143.84395995206586
237.5335114117495
66.1208807074045
25.816478261694993
160.51545783066797
291.8238879737275
104.14985134052277
237.19194763431923
30.963507903521943
268.82476567053214
1000.0
65.97697538668758
48.430737527892575
171.71765294782057
20.947623858963716
95.72497627993408
101.00041737917452
34.44006162903224
196.21149733224462
40.57166084258583
71.23662026575407
179.49100549911472
199.999318287429
188.18069203547284
86.41529416833885
93.61046706785194
124.73150898662314
161.90570382494593
119.96119014789221
23.785371742603704
216.75685667142972
238.03088244247854
127.97155438359081
55.503400628844844
53.03960911807129
42.11500213622689
1000.0
152.95413061026304
138.49235137533546
144.5901726466972
17.613229867648318
85.89257979095241
84.992927399915
459.13657820645835
124.53100747667857
146.99803121705443
242.41863342250568
100.59975201502819
148.30080819296106
43.12435175771351
50.97207631802494
107.13052773423507
217.08364139775324
40.6276924105254
56.05435135838341
145.38705448843578
145.573786771937
109.71058332301577
24.556550609344075
164.77925153198098
134.1667926633327
87.19399670772799
145.4029043629775
55.43688957201233
124.97357608388144
125.30538683546519
59.16460639982604
237.5727610016377
27.737648748006634
289.23577042139755
55.68051395884586
54.01724408681029
190.14756377398732
191.2872467607942
76.00029978595995
110.85471109910289
126.93558743280262
38.939535610312966
57.7369711361727
33.21067815813096
129.99584050961508
55.28694497247849
65.7414830928721
25.367596168304814
136.6277702205873
47.113749421971434
89.54795706414812
62.41149502106205
84.93731149311867
6.4270672599414125
82.4855432600528
70.78399769604891
55.3258612281949
171.8509129659421
79.276527159613
23.567831047935265
129.77766424815724
165.26756802537233
241.8001250302442
153.91546048953117
154.03966678946398
214.6298969422377
16.084655478041963
134.93547105960954
48.23849218243607
67.1071123205983
157.80992349598742
888.6100153593337
171.05827048912363
104.40154338157195
9.904287889256075
47.23770129216281
30.012596204745208
83.66804074195124
38.038775531522305
347.416049207715
163.87540876033611
110.37149752714633
136.7174129637679
57.713978604589144
67.41634456904474
140.938721754586
168.51737695987347
217.62773537050936
113.73054456854793
162.037011771753
141.23713756678362
133.02379089177964
189.2726864223037
125.32154936618714
70.02637720983796
150.37200059188055
60.18696774688349
55.7954933548183
336.91332765930446
79.1714957787775
396.5715339497868
272.1623848799539
102.0099489336065
190.85943118266545
160.10349667218165
274.7415768612586
84.70855819497994
145.76076941932914
1000.0
83.8643249507462
121.59680409658448
257.0017167723926
149.86641107160122
99.51670889872076
55.457175185701324
259.1355015948864
120.61763189536761
120.57507561500242
108.41638077735325
45.98310445277753
63.5512411711629
125.64776203297079
145.76076941932914
67.16406406715568
45.40695848299562
108.84427411675162
81.88419767578787
160.30884626466275
58.81319539243846
3.922570949488273
344.619493095166
461.58279478069886
221.8113952459398
196.21149733224462
253.36018254847957
63.24611839623889
246.40844766377768
78.15573662581622
155.43004651092608
252.96525227152665
95.76831392112526
118.48382464091878
113.27078741017701
287.61263958626876
121.81545144267598
177.41035961697233
104.85358113933981
273.5858649465095
88.32353975562889
245.07192474287368
98.06714764725969
151.11350697611402
4.479804186300691
18.627585236150534
344.6836983845834
119.88000684397028
361.3811032391905
23.071002461025458
115.23939574623482
53.03961812891087
167.20827816067822
56.411110046708956
12.8053552330633
66.7690947475493
75.81587459495822
138.22339206537646
21.02468210475457
26.622321428555203
89.84490488637896
121.89839075823748
136.98438085952182
273.7284797206938
117.17238850117475
137.2026984591548
157.99484273427433
116.14554473028551
162.21843066599683
56.939193439822304
53.98106466552437
180.6678535454918
331.2087006202408
192.6766296179501
158.91526049196804
99.29439212853259
241.85608291623683
201.76193010455862
236.66565211154636
88.32353975562889
104.92635986354335
227.39200675345728
21.899084390651595
54.32551209485918
138.3152835962423
133.3186180100666
134.25326453593303
135.4835644151375
212.5882164668473
201.92726896136483
58.16765889596418
19.36425841260901
41.51936884639515
214.09322082034396
28.672812171600988
16.847018774422967
172.31136445210387
23.686586590541335
79.51399199079346
244.11023491845202
215.31138071418374
24.10137739096351
78.50751946488484
31.17270333007956
41.51936884639515
205.13175950776147
140.9874168424222
77.2593754473729
130.11153073857113
231.97105346341561
321.2474450755602
119.96119014789221
48.80922426382705
201.00260534495226
77.80479762100005
81.03533391407797
141.26611583716817
117.26702159907457
41.04038561719283
267.6810435278994
166.22376257415675
211.45803432552614
223.8660906597332
145.16401362273928
31.17270333007956
48.76857722967119
58.320994387221084
105.99526267100813
143.84395995206586
76.43265752273797
96.86487902228926
172.26424255616993
32.613593963538236
97.32884315568361
102.78966102267313
252.06739338844713
70.28354951255525
226.10493118717372
127.16281392080539
209.15640583576348
98.88004676391233
11.496116293846436
17.098987681295508
135.61656637616116
185.0588993557346
19.996476412369642
242.78802545088212
5.4181974669635
28.211755156320272
116.03520222733805
265.2634185674699
175.03531673062528
347.274245460575
134.75520177593904
50.945954795716716
112.14652360224822
303.33003849376877
383.11398883730163
12.885895376947108
229.75005494097223
23.016662443836946
242.78802545088212
783.9147185966315
136.6277702205873
315.53629400677244
41.94218231313067
221.24507003539688
72.94796847065938
211.34804417382276
30.385375392816808
227.0277572429794
82.56044163860683
117.52754483488837
207.56429732223535
286.6622265208443
147.31609691414255
10.564479681917902
136.17725287781283
289.23666292955295
123.67796398114389
40.12300979402838
90.95640827058422
564.0676474625504
68.29331328923783
187.34174371778101
54.23427236404504
123.45386616194897
89.83599768181756
54.37359426138278
73.53713564333862
16.40427144850131
43.558824310033344
34.34924271812485
4.204952279518542
60.3864325525034
96.98433932977987
93.85423384844741
20.759537238331816
18.508271829941513
35.74831836103564
140.60207832668803
113.20498563366509
15.296575202290516
167.19317369851112
158.54784184818865
39.129923021739664
202.99893562239825
99.76907172768092
75.75636501047354
629.5456348090984
273.8821177374265
65.34975026923559
240.45308487815197
289.5297696558277
129.77766424815724
297.2760278288391
36.26946439539154
203.6260648363778
29.113185287235254
41.11477682103074
59.36818033492998
60.31177063132002
15.640425087649211
24.10137739096351
147.27716235200214
20.664909313788737
116.83695640459581
195.99207244504444
60.97891920721736
142.92977499987558
30.240257398622173
127.05014551038681
146.22047831786583
32.86130156844876
127.8379230690691
255.9344743460219
53.64211744025201
55.503400628844844
18.054148816837532
162.30239352779637
320.4616786196468
115.06347271898764
26.25629799095776
289.247860777015
119.96119014789221
133.0135874236681
11.496116293846436
178.864304802455
33.97564314758773
296.3402278707438
27.00147618756681
102.94873665577616
351.8395841998589
133.80723624157733
95.20597471169513
332.5777676743773
31.005519579278847
182.4718776044244
192.34080599903368
88.30795810917196
177.2385978288119
75.32086119065022
29.790802052070887
29.614324130709154
75.85504502368677
73.57787991916837
67.06426069050617
158.2972938409083
128.96251531273293
84.18133007058196
211.22098330225884
96.80214195982437
77.39600062578408
261.63643283193534
173.51394232018075
211.96295758372662
292.5229037717483
191.8604398032928
82.19015881294969
47.235417080032775
306.9273068247046
171.5518540608674
137.71953777515628
55.67776587958782
145.30869325839345
6.343175506028175
81.6083777719376
86.98198833870765
106.66407881452496
185.55176936772173
95.96038975505371
278.16826252624304
113.01085219941423
98.65170305137065
46.84699423361742
119.96119014789221
128.2771313131771
83.56239563503715
127.8379230690691
147.29376626902484
191.7455836032746
216.33452413050287
302.1853811006397
12.907768009833193
144.12131921945183
55.48227853535029
55.8420386498768
303.4093568710626
212.5882164668473
148.91437054008344
249.39637933942797
162.6508475242837
326.38076953066326
329.25282181113454
81.60666883685464
225.6058089318855
173.69798256253011
84.55915822743958
116.75448906151338
259.992546395882
275.40192286609766
16.129025481483577
138.1866720733006
133.77128095050614
149.64326152206147
139.46841277877584
50.83049048129297
62.5146123436443
141.74719045510273
190.85355151733904
185.5901390432642
77.33255195231803
131.15763510391872
111.68260428337014
119.96119014789221
57.51635492931849
55.503400628844844
127.11121121598009
38.99556013143456
137.4736940278351
80.21595799420423
183.76317845799772
155.4098029795691
117.2995048582534
268.8813177939168
129.99584050961508
220.434610472416
198.1335741979513
26.321897549396066
41.04038703091002
163.6764439468878
127.21722643233294
285.57152826959634
235.3416934053019
46.45562195013704
46.461621966567776
136.9089173779421
212.5882164668473
66.48049372576332
111.60149546233811
79.83589528443595
44.28298446075971
6.343175506028175
50.03368210514811
82.81772109412907
43.68964173141614
51.85894954092617
155.38378747641664
175.1848723174114
96.3548091365409
92.53172017985703
86.29046089192963
59.36818033492998
211.68143490732217
145.59667499310387
95.46933618724893
153.56345635363084
47.23770129216281
3.8892581362134693
242.78802545088212
125.97496576822725
388.15735431264915
125.30538683546519
24.8958250174341
25.124550726989593
30.141137625632197
56.41386930654069
34.72017482727966
65.43213809514195
390.0345811251861
110.70125942765404
92.73692438556498
19.67735208042458
30.0405870236318
245.08303490590768
417.49174438061607
147.14199350496864
64.93378038795002
62.95069094115392
109.32329487364859
101.45423455188765
244.37980581257287
132.10324636300322
67.55908429131372
130.98415998274757
287.97700462797985
225.72985351905322
9.499946840951297
310.44679734154585
29.642055281678715
110.3205721923271
242.78802545088212
33.5111896644137
336.887243168355
79.35047803684702
182.29559268940375
103.8096202282884
76.26152638478442
308.6482271666768
127.56133622126895
64.31743452077546
138.46224440468504
138.35555134753244
126.37336310886337
47.583196529237895
152.0431029810552
31.012968238654786
19.75741242429637
118.78775316318801
24.18729743318156
32.007744199575335
12.733249390836924
127.27914923798112
118.67538582079952
27.3552603861107
179.98558200807673
125.710971919416
24.66736779458214
252.01117272943492
198.64378903514265
235.3416934053019
162.7523910510629
4.71179554475874
242.78802545088212
275.7769514807798
54.80738704219509
108.68564227069527
34.20388533642594
113.0448577597865
154.1504812718828
212.5882164668473
160.38013109967028
16.168413885053
3.8189330787435183
58.52566717638775
9.80367291255818
74.40860389564925
56.52825244964485
355.55542357229416
200.2555118101705
124.98159646788338
198.6731084346731
12.41931594398532
42.82375521010574
39.27708751210103
225.6058089318855
194.52331075184927
70.48042917525149
27.55705441606083
279.4858339523978
225.6058089318855
271.86629401375586
137.6556240223153
118.36596611654359
298.3978464769961
213.8524379692779
310.6882106151961
195.43530839513505
228.05798724012936
171.12191891240204
300.0214612760969
284.52152163646815
244.98290129058472
31.17270209683361
225.6058089318855
69.35199724414404
15.454927576936674
15.347809215594696
250.43954827227165
197.08537777191276
31.17270333007956
22.701249027557676
33.3865400081988
124.53100747667857
91.9629902128746
210.22351771394517
232.08218331295225
85.83185903354463
141.78041835705932
48.063466321398835
69.27687994646953
381.8990779516485
26.255231680378056
287.7506585829038
171.05827048912363
68.18220122460191
36.13625692321209
172.386518171588
143.70850957604074
123.08346591767662
11.131173055651383
137.6709719116755
149.06512100081105
79.1670129509717
152.37667215739444
4.336361370828416
99.71477317950072
272.02409247489396
114.89647242062075
93.85423384844741
131.0999328641221
62.01100986464953
138.781004970372
141.71419140000717
254.15577742957785
31.17270333007956
30.52847290293154
25.34887090160923
26.014686844590965
297.7646783679261
67.39839496887524
83.62186831903696
270.3674818648416
118.49196819876185
62.18493997067693
84.80702840508201
274.51846815764543
2.761034270142799
328.6072813261364
291.83629866393886
225.5878644450287
24.027639888938317
345.4683494008193
116.83695640459581
363.64380707453944
74.08054514296136
84.77611415433417
243.56842000701945
317.51894272134405
22.504332729351816
168.07757100056259
137.07292774631193
16.16406698478918
151.13150236922783
49.6462238739185
35.41517120344989
92.74211862728914
9.796042187676983
205.1439805212995
151.5624056470788
444.1636595056082
63.916615424319744
302.58552800420324
108.61331296322925
141.28411355298215
62.96812693466499
47.23770129216281
111.12929470731606
220.07462369026618
230.57183774176022
55.503400628844844
10.441353389327887
43.37195811855882
134.75520177593904
14.799817286062288
53.94044103488191
158.14231822447093
137.32037349677825
12.219115015385679
65.00134300374282
124.53100747667857
6.754839050741202
95.63633498801036
121.25274822509265
146.92783900039657
84.58441961175053
121.51280818644132
40.83759925102579
56.24624338322025
251.61898107618552
127.94097596803974
87.83793290938485
161.83896092051833
53.948417089861486
7.270904030870965
90.2894626601411
298.9611732027159
12.655687884699672
130.80154882851264
129.77766424815724
119.05752462672582
50.63047078654131
113.73054456854793
212.5882164668473
173.34084991572885
111.83852783559179
144.43147966408483
53.20263694690434
77.41536773395173
224.72105788500454
18.2645516394633
19.262921245758772
530.3116966272056
105.23724124194244
86.22265171271607
1000.0
103.92473315133483
204.48327590763412
99.65458516302057
70.4433009112402
81.48581693559751
91.07319215775323
38.77965947373334
118.23585740689623
75.76769362031446
36.399813078100806
121.08042749950235
46.84699423361742
292.74581671806516
130.85598504261557
127.52581333931631
212.5882164668473
52.208806967409416
180.85167261314308
54.32551209485918
118.40726567044855
155.50063606982027
78.14436907028065
131.20162880849645
54.104425702372836
13.129468868465239
98.56614080646236
280.0775997202978
53.511619987160756
48.55882427409202
19.027931556368006
276.44570013656255
159.18296089154137
123.97973135882071
269.10571703719165
55.503400628844844
239.34228779740155
211.43078909130924
141.19594153070466
43.68454836135558
264.0323721999509
86.69497056477637
316.95550104119496
139.67190310002493
83.57627174136114
11.190995946487094
22.410617856221382
304.7304409163881
54.32551209485918
144.97711816794424
25.01622395538505
243.31541947930904
286.1137460654965
110.3205721923271
46.54459588150178
196.21149733224462
220.82258657160486
110.401685819824
194.8042737256475
279.7382472479967
279.0089525546619
264.200291238617
41.64876855400805
291.42843314949016
268.83568606974495
220.88263559195914
180.75034737873733
53.815841319574204
200.3466891832943
29.943794753505447
91.89707573843289
60.413895262968595
142.78524738238835
91.06261759643749
139.26619238619594
89.26663800606732
53.767368412057884
180.92437659906437
77.39600062578408
31.17270333007956
137.95275804162156
359.0661716535079
174.28655133678362
37.0534926348062
90.543659373398
23.430322406031202
79.34989413331249
19.67735208042458
217.2569848073032
235.1102335124349
222.02707428682552
32.393322740136284
31.690526569937155
124.33354177681593
61.2749484131597
131.57184124413354
55.000003862876845
44.01972052709728
256.05191499215414
4.343060448665626
182.53564324799484
119.96119014789221
173.080739540394
166.56478198768798
323.58793930031
124.53100747667857
190.18188140554892
145.03080552950283
225.6058089318855
136.6277702205873
60.7556314695058
106.63608221480798
20.224774422991484
34.4617578027721
161.27112297665073
77.9362702386905
95.72121697982828
264.0856135607771
101.35753119466682
66.92684513017383
87.94157314451452
81.51966935806193
8.296302351235683
23.81926445098712
94.92985848487278
64.8859395547848
251.53141350278347
37.226271200202724
119.96119014789221
174.11234662667462
327.3987613979143
66.73684012503107
46.84699423361742
92.59651426094989
223.7113219624597
147.66299775544948
135.45286843065983
78.15573662581622
242.78802545088212
242.78802545088212
17.98145203775448
76.51688958787256
75.25998794573829
139.380582568531
316.94359975217367
262.90533339140364
136.8205208858649
278.80388671746925
172.4813867977589
101.13615526032
142.53015470460142
54.01724408681029
260.3320076989207
47.92996908591125
21.899084390651595
208.33880887980436
198.46961635816245
78.46524010541067
183.00925020729832
44.91427449256557
122.59558991992462
137.4123641900758
47.19036411810041
166.46695650012896
321.38151147323816
32.91132868243882
44.3757334086018
44.77980290610576
80.1598305495927
129.77766424815724
83.30234093994419
199.02835230238094
69.76779330587085
12.637244086649272
175.3836858679883
141.7243245994041
10.248376214861967
100.57956241463343
142.44525934845973
108.90197339676439
25.722416499601678
166.18807369030907
15.935981971684123
70.0563421619949
97.28135745746442
146.50614480762343
186.9752596668002
120.0329522060794
136.6773547595372
96.16599580978138
194.71834559434333
150.11194246753075
20.112026459941998
21.899084390651595
68.47147889376234
235.3416934053019
77.39600062578408
41.84616325593566
140.34100614687713
177.64710713306656
111.40806192293942
102.22665180271419
36.595011559307174
193.26528883868403
72.52473478902958
141.67295373397337
98.9851067458692
205.59109952303126
237.9206208936506
38.37176739754041
123.86474720086566
45.321389245113856
122.05948001946533
76.28930864148094
41.80810209036379
41.82831967887249
70.21832052620375
148.46900082558463
35.72589554154579
31.35324344248875
68.12731415165727
14.741764466371322
314.69519114982165
36.263788946243395
85.91274653073658
139.3206575964309
93.71102543472847
42.63516556959045
402.1055610076457
76.2791689332943
350.1912196003788
406.29820010195965
411.7541887327143
5.4648698457416565
29.11102688061089
88.55577400114159
200.30812587163254
139.40774775600397
90.46088059043865
70.70625091753944
134.27785383751265
29.723893922368806
64.61164523803954
240.05784258113297
213.83677928337204
55.7005789684803
6.343175506028175
306.4402635628826
79.73162133997248
87.75653641889886
135.88827243611715
236.64920731975053
81.72282490251712
62.28990475655192
101.26197991649465
25.63643417554655
1000.0
100.49977704406113
38.519706814723094
88.27297882141605
61.373795389785464
6.585626162978125
95.76831392112526
58.37616412382552
159.2530953509851
166.43445908363313
146.48916064006679
69.89855094098405
21.434759410193074
31.607020679507443
96.33545279404068
123.8454210061595
131.20162880849645
151.4809163432041
7.55129302175518
108.96439217636713
88.63066020004892
139.2590961440803
168.04447602291603
225.9325312019475
75.64213048412803
28.253765965171155
54.383281892752855
92.49880978422577
69.47868252721209
70.03445128073781
34.70217555968188
186.039971888835
134.35460148802528
78.60145760965784
124.42710696920739
212.19644115075775
9.18793389708227
148.1502496981369
55.20484074077769
62.17490453509957
24.41719720257325
33.7968838394369
171.16846446448673
9.446347488423015
137.8765874396842
260.45455616558763
198.28589672444528
36.05145074380402
134.2658830434439
219.76349204642764
226.1837069497312
42.4406649290988
38.9765102096266
115.30741936906234
1.7734446833562698
10.874940495601406
135.38613314374183
137.8944606381456
123.24905777717322
71.864762221175
171.3581559471249
64.78206167288415
53.59155549655361
5.50207374589119
39.310070108135804
72.23771572686653
17.758353631514677
21.018772966798643
204.02508426927454
75.43231846361662
76.19171262680042
43.869779205349275
210.807474758316
29.145157806992525
99.80424306752609
36.06848797136928
153.28055076726392
216.4087827683209
44.231691612598595
108.52717077319404
57.76173782784857
313.3289355652421
152.354292702941
69.10798542023993
259.1861163260728
38.96607872321921
8.524095360326426
15.597017587370043
65.0694656488121
70.01263951991874
42.76611430600797
7.357245055008266
223.18431946962932
131.61139560202292
80.03520159821998
130.9604634622323
54.88421652682314
137.27918122101752
152.84815888700575
25.012892534523214
19.64144760887422
123.00411976372888
216.7251606937762
196.20669258465804
251.95916463451508
186.57329460560814
44.14744967604663
194.12737228843613
13.611428855795696
43.2906356299236
103.18338810004039
34.062787033769034
154.84641618631562
13.270693943498092
217.8096315840358
158.63802982741572
128.00934027863823
150.39757489609093
164.77557887181948
48.21305463323825
134.7267951050484
115.05436326663046
112.45423610418119
236.46776527158087
79.42963480238869
102.92012674834274
99.658722969364
17.678365018095963
214.70659148446452
284.3540512494232
151.0419753998879
147.98951723958433
8.148656604858388
100.3537455457794
85.32979299312434
89.98257188115406
33.31580196517745
81.72821740315335
128.5298172003942
25.376756710853257
110.82807843740878
171.13544739681623
11.445353670229679
121.0298533302159
55.30399280979436
137.79565610599371
94.35995449385462
139.99773664340856
117.20153407396337
35.97069611931678
48.886669550495235
98.4711787265813
79.03145442002698
243.5397962984836
26.243717415721196
167.68987399670857
315.05629448900197
23.21681015187694
308.17050585860613
250.0879375165862
245.82270448059086
200.63121542998996
51.17121331616466
16.940893989135066
124.51824627303355
198.20180963743886
114.47231766151623
115.00633919945352
89.78629942512066
132.18595466468932
233.78826546661585
2.718010860851209
13.863700052944422
135.0675625425995
289.56919766940496
321.5953383030835
96.81234850492523
39.23349009219403
63.73203939111916
27.05311802843085
142.54335696735924
122.53373183675053
140.77273976766693
20.869944508539977
12.704363458193944
298.71880794917024
100.76281698226916
30.150935262383697
37.73629626195011
6.510292994859903
81.9351844125526
97.07055619499988
96.86721308150739
299.3235198714291
51.851292668686696
469.5421628736913
122.74511999242094
90.13069329196493
274.80894402946655
81.83754893774507
72.07600245950418
79.7205945501019
162.6354646832298
244.4331499707461
183.7725679425164
171.3426734711306
132.4486424004123
318.06983294711625
128.6901608615582
1000.0
103.21269841108081
103.73979006083594
54.98513970949216
84.3125382239741
266.2785822060092
141.60869695927013
206.7949637399599
86.39897140884082
30.979284956037635
22.162090811413663
217.45261171243692
110.07459729406621
18.08428696771735
201.76198202259604
161.1857469153445
100.09718670175556
186.5030706030096
137.87308684060585
114.41943999374587
108.04296040002734
7.631224014443978
143.19011568729866
150.48784768748644
58.07600699935019
14.690585779505811
30.246159774233227
101.07291371594643
49.18912444835656
120.08489271982873
145.09151082835817
229.9622710792474
51.165900725756316
3.8255547974319164
95.5080805988735
185.7592499802992
38.16539522037839
23.6983890278934
94.20121002803289
56.725915614929654
358.1226333631293
139.1196937839044
40.379068775301626
207.61419195880077
195.87344342817372
271.94976902713694
151.5540233493759
25.188555182390505
58.37380341022434
102.84321721061876
232.32861579594982
312.1558893986993
73.32391786089917
274.94147813834826
40.078448966905945
131.11407016090945
192.3126613091307
24.467894201486047
89.52426875771505
22.196528614521284
65.37880036414496
66.46923336383867
263.95240417178655
66.35146329572613
80.25868979501678
12.143416864587055
149.1367150263721
84.62658632621748
131.59506832775062
12.435394541819818
63.82966393069699
222.91015958374453
111.94911674121073
81.30854056455374
109.03350402555589
206.5660257690511
134.12594119839616
112.95565855647803
56.29789363923999
181.85780462203454
204.10605970420434
291.02138158456995
148.94995733818098
120.1050046185442
260.0690587333611
344.90630134876454
184.5764733829175
50.01453428255889
136.36689759131153
82.9051041101593
136.84281485274232
140.4664585875324
30.194595538806766
116.12973895586362
204.91703476409108
224.1055743133174
116.47417227098924
226.31222432213158
96.76688298645169
242.91258579087423
184.8098849318672
14.351532336311566
357.23537427959525
106.96031741015972
1000.0
97.74375705140162
199.87077427211804
104.51174033380627
137.94005039362784
1000.0
64.5019203172074
32.20258052357305
8.07166817036886
155.99601703919984
35.69292459889353
219.67960808792768
11.273033931902809
90.70906516152881
11.228783614681083
76.2505809216162
279.7133047835557
211.06292555926234
196.62322166433802
90.88944400419682
1000.0
103.24515011336304
54.44472452718975
289.0637277224634
89.20158091705633
52.48480811075972
81.21503136669942
205.7395360129336
91.29900428421111
207.5398033505496
299.04503976798685
143.11116949109882
68.70417921970517
255.5688815679526
110.62455326062182
42.87876967062144
89.98867715206146
233.00525961920385
44.137470307493224
119.8970030180614
127.22004780282212
93.50996016278951
11.377372764454838
1000.0
201.76125615191313
32.5507529133327
376.95503233509737
190.28093598949272
41.78179546394969
170.6475160535731
32.7712483626977
189.85001387366952
130.50295860092268
29.48471975422629
129.59098606601745
176.57943963478144
56.901887029167504
82.1245412120497
279.259086278279
97.9842837492584
20.805884052697614
80.95581626553482
182.90458340103083
105.20137321981335
156.65543263013853
81.34123465838739
188.54818798329933
50.48925599719232
96.82537073840393
16.661195125371357
38.494877389110655
139.17195836035526
24.10315121732291
123.077277653908
75.57283631516059
111.08422430435148
134.06049094333042
26.338782874835395
4.284028684443904
119.03568555193152
88.09376933090256
100.59618787678718
139.45323995818538
122.21076813238443
13.86647959007192
20.19525662406096
25.78754371036516
51.977606623049354
128.2293461713528
10.805793334969193
35.21647928770995
232.43469155954924
115.42622162472522
11.562198494190996
119.9554410072557
12.970237695635527
279.18816374599373
144.38704662555762
140.79900804239318
378.29985044359523
258.64357951393515
239.63250217350927
153.84761758238963
2.5426185540072987
59.25908809377478
100.52068364963569
27.954612910569196
126.40361736606002
63.610559891357276
162.90665141599698
69.57135482745784
43.40371393711343
162.2404008603092
85.11970782153253
450.81999309284413
75.63481330214607
24.59940346991293
109.45219258285715
314.55133424848066
78.00623004054958
115.54305763805792
71.92064903358548
28.077217962359057
95.47363518707654
117.30073669916956
146.0240253648455
136.2869193575077
171.74106840137634
150.05794007057378
124.49760462222599
228.28299481945047
182.4066044413926
57.5397822141142
109.71399961274972
194.25851508335916
229.94954497945204
103.70461007147526
110.99070581065972
348.7399228630149
150.30890409128983
177.23041392914243
179.18405305824285
58.4411399806445
149.75505809554065
103.26747044007891
90.88388711382751
32.15729247524461
174.4707800364026
16.701427654537948
431.8216697871875
167.46973657338683
262.53644362591115
265.65348786551846
291.2649009738139
137.37885424146666
136.42269101101036
84.8322628009504
28.53208416455922
74.9588679051128
34.574671117763934
158.00336318926037
319.7950608477175
62.382196087796984
139.9946530503335
157.67874494000742
75.43600073216128
135.724432044857
32.71876460206379
63.59098915546643
75.01470277794712
211.515750506226
149.04924515776082
54.93849530936072
73.42748411185197
195.48828035941878
99.37898747405772
57.732803565586856
260.66493224155647
43.31043112237591
92.74570977921209
177.74579076449191
350.7427563984589
55.398959219347674
120.15247927873881
79.33531142139582
31.683485661838102
417.56768763491067
153.59999622747853
92.56626806380483
10.940206577473907
267.1519797613848
15.963858242795867
128.98097796142437
208.98215373404588
27.47569686013682
75.9771076757223
23.196058429558512
130.37487178313694
52.72008477232503
272.1716509858121
121.19275407477024
121.36940589125042
59.42298743511624
141.44689822582964
14.950053114936159
166.69311940390935
115.5947475297424
76.23124799768354
135.2216530912978
209.91974887829164
199.00741675848224
156.18139348640977
24.085387274323924
55.560282180664124
64.72668973940715
82.36552787530717
24.093319961229394
95.56099921379581
18.218826046476384
135.53651432592991
164.9317411530867
238.43060659387345
155.43784199694508
45.40067363479179
47.00810852446075
9.82740868960539
131.42737028050905
77.4447796589291
329.56933190434665
34.97926873016165
90.66424028421568
297.44958476454116
51.65850266868234
10.247767148792477
148.93383188591645
64.22356499634462
174.42566821223235
224.98724886461204
27.7397773811071
109.84091226508545
61.08627709659873
15.824756748023008
76.38255950422518
64.6641777704688
160.60232575535161
141.227435638609
256.9246218079873
71.93732305749135
93.66867502695438
187.89208852696777
61.83239583106559
122.34767632790371
73.74710438465056
198.56109124719086
67.00164508928903
73.09217482217673
83.12073820253283
116.04920932610004
44.72629183939821
137.69172834343655
141.54355784380186
100.72851771700323
190.223815593345
134.1740611567797
100.60052529074693
155.19286088837174
41.44274214030466
139.59375592001123
30.75546685751103
127.70150591329867
62.36028919583636
138.9401090180236
57.906859460334864
359.8969861520666
164.92059056685255
239.84956581187865
120.3434444673496
11.344230706647739
116.62402891185039
419.8968478517134
67.17358653980078
42.62156358662791
224.40465569306104
65.39487917299589
156.94460580603405
69.76334363049511
287.65123368167394
117.68656846421379
52.976458935373984
54.52965679099951
140.5780425992981
110.72898030790905
15.90833612683171
29.683669340543087
99.16640040320796
62.08643295670117
87.2477667558664
54.062279526824604
62.12271285595488
214.4776940405762
455.68304406685223
130.0153590686296
228.01383027461733
28.83490682888155
31.281026438751823
328.1535776738401
113.9836804142735
52.5357540408108
121.3777619397009
49.101564483082015
29.44750900075861
277.1909740427518
99.71955607259304
110.36058814775448
46.84699460193429
104.70246358658389
50.86622598020129
63.051110295849256
68.2981404446159
314.63652149141046
177.0143775582933
53.17054067868136
146.65796351155845
90.23284573208885
242.82705107103916
100.26895724709323
214.76949340927
208.9053137523589
126.98646695130655
54.75264101333475
277.79837111413985
111.90765729373084
136.08857214333352
104.6888118851224
238.7761789826751
106.75285928587185
51.06638133078673
109.56881837728497
29.957925322462128
34.85077430686486
65.28423567564941
113.58724067505199
80.90953179427581
104.02582877156858
62.93280101151574
226.04759435683104
161.06647636459698
207.7094581203028
105.81120316006665
95.91541939267022
128.58038039988892
121.83918212382339
233.04078370261868
76.08456468113323
34.06692697357107
241.40046742986215
90.16115273432672
352.50082340143615
169.00339481047504
109.06762854482541
12.41931594398532
122.69414071209727
103.56789835294606
86.37667553480642
33.20602715297826
107.27690930575213
94.78255762248146
57.44821219380461
149.0752001071904
53.43492095010519
141.74625304968035
96.60690965593521
318.5416826973787
116.21560407831885
21.28378347118813
37.747619198217805
113.77247634135011
103.74361258775883
333.79556176066484
12.978287107768027
111.97556696511853
130.13718791489015
75.2082230993245
90.70339604798221
70.31406030762592
86.92195502561314
95.01855763887855
102.06000769225503
30.50545482652213
117.48901537103842
40.92689656636377
26.53319408550107
1000.0
172.04190411544872
100.0283812102483
1000.0
24.85893953171382
30.456732511524205
1000.0
1000.0
18.600477037901634
148.32676526323309
36.67958642057267
21.315995655327246
116.48281677819217
1000.0
51.272072706975464
10.695951323919736
12.044032491568114
39.89795650898774
164.8329840293292
76.09676015435089
81.79741192560348
26.917701301504827
102.73526035124632
21.576129153415096
83.25904103535672
91.92870809044227
100.50820059889483
117.61650499522243
114.31194092560582
70.2967679848424
0.8768685142028124
67.3595595184239
54.424061722204456
85.4629573570221
245.038098869513
168.3689069970848
91.70367357480484
21.766471009887763
137.646065142137
310.9542016054542
228.40598882930962
115.39222498839412
76.64034127593557
137.24043848737995
135.0289315735999
138.13397107132317
38.7852380813503
2.72506342899988
0.8989424918775384
86.72224187343016
59.660974819527965
89.0582537379013
70.6797522242916
49.814992278893854
34.94679764254086
138.5606420133126
100.88676207859291
100.76060923746269
39.814056981997275
39.85744355371516
28.990013327604746
230.66486329963712
231.99371398311126
258.7144552476743
123.73393937927239
118.88436339059143
47.412885925317624
24.480711185127145
72.37326331831389
120.13432211947574
131.62262965119083
27.998570247658602
113.43703433543287
99.07606270240962
46.68776463181881
202.04090740592264
91.6207399408146
123.89296843496972
27.066091686608544
26.089224534020875
141.82903432423285
181.2170068186941
61.427162486918036
48.32022395683588
120.90595322644604
282.28638953820706
99.00262902343768
104.7208428730694
43.05690342491364
71.63022936911476
165.15097214214205
210.53615522232303
85.94961449758112
111.27323175228766
188.3231487799145
73.10779303962396
153.79181796747636
34.68056138785584
231.61840715467062
125.86999888427816
49.28784262055455
33.963519547553496
98.07147353063496
104.08249520418904
186.91254700317165
23.185625738148254
148.1647861161677
105.41873235058951
131.9469090179045
41.274891407941965
106.88921298419716
317.88459173144065
270.1776042559843
184.1774082544167
116.7583588136498
152.57465890157644
67.37011330341089
114.02713469863518
73.49381328671032
30.72290786418076
105.34804763561633
65.83102223279637
26.960067646209264
218.19683295496662
91.05693369609577
1.8194251954817
50.07110383893918
45.13465470850519
289.7914361482477
94.45914337219271
26.60112973198904
239.80033244676122
207.78834985848135
58.7427302630382
333.801421128117
413.5610001685087
315.66891970971693
39.543642923306116
57.668364716825764
98.19662740059579
126.5886088230047
22.162981713362615
7.205500514382512
69.50923827779229
118.45228824331625
217.91695264735947
1000.0
79.23140670595622
104.92628790531593
152.7762826564711
70.73043935879876
329.2449331742284
125.0342929189632
170.85003510396302
106.68465343803886
122.08905351774138
64.32004812635117
321.5840407929471
134.80951783154487
44.459619853048515
219.10798644289483
10.641504633961418
39.39067878432065
67.08595121120483
27.119837436994587
18.156611601652415
217.42794699453785
187.70950388315478
109.08471328442162
135.2828391235459
45.41971127941759
98.10301297084736
106.10774328192602
331.23742656517015
140.50599246637998
60.53800178337402
127.69840579926311
349.5998686318147
156.48123880211804
41.12555895880983
155.98603457977137
331.945167307213
23.15004117940748
